SKU,ASIN,Description,Category,Warehouse,loc,quantity,Available,Committed,PO Reordered,Low Stock Threshold,Price,avg cost,Weight,30 Day Shipments,TV,Length,Width,Height,UPC,Tags
129751,,Remedi M2 color: Glow in the Dark,,Distribution Warehouse,,25.000000,25.000000,0.000000,0.000000,1,0.00,0.00,0.1,0.00,0.00,3,1,5,,
132309,,TribeTokes Vape Oil Cartridges strain: CBD Shark (Indica),,Distribution Warehouse,,12.000000,12.000000,0.000000,0.000000,1,70.00,0.00,0.075,8.00,0.00,4,2,1,,
132892,,The Art of Cooking with Cannabis,,Distribution Warehouse,,36.000000,35.000000,1.000000,0.000000,1,29.99,0.00,0.165625,0.00,0.00,8,2,9,,
748323851519,,Willie's Remedy Whole Bean Full Spectrum Hemp Coffee roast: Medium,,Distribution Warehouse,,25.000000,25.000000,0.000000,0.000000,1,35.00,0.00,0.5,6.00,0.00,3,0,0,,
748323851526,,Willie's Remedy Whole Bean Full Spectrum Hemp Coffee roast: Dark,,Distribution Warehouse,,16.000000,16.000000,0.000000,0.000000,1,35.00,0.00,0.5,4.00,0.00,3,4,7,,
748323851533,,Willie's Remedy Whole Bean Full Spectrum Hemp Coffee roast: Decaf,,Distribution Warehouse,,7.000000,7.000000,0.000000,0.000000,1,35.00,0.00,0.5,2.00,0.00,3,4,7,,
80421,,RAW Rolling Tray,,Distribution Warehouse,,0.000000,0.000000,0.000000,0.000000,1,0.00,0.00,0.70625,1.00,0.00,14,11,2,716165154464,
AKBOBW3PK,,Box Wine Hemp Flower - Half Grammy 3pk,,Distribution Warehouse,,0.000000,0.000000,0.000000,0.000000,1,10.00,0.00,0.0,0.00,0.00,0,0,0,,
APPBANBLK187,,Franny's Farmacy Bandana color: Black,,Distribution Warehouse,,74.000000,74.000000,0.000000,0.000000,10,7.00,0.00,0.09375,12.00,0.00,6,2,1,,
APPBANGRN187,,Franny's Farmacy Bandana color: Green,,Distribution Warehouse,,76.000000,76.000000,0.000000,0.000000,10,7.00,0.00,0.09375,12.00,0.00,6,2,1,,
APPBANGRY187,,Franny's Farmacy Bandana color: Grey,,Distribution Warehouse,,65.000000,65.000000,0.000000,0.000000,10,7.00,0.00,0.09375,7.00,0.00,6,2,1,,
APPEX0101CM,,Asheville Extracts BHO CBD - Cherrymom 1 gram,,Distribution Warehouse,,8.000000,8.000000,0.000000,0.000000,1,65.00,0.00,0.075,1.00,0.00,2,2,1,,
APPEX0101CP,,Asheville Extracts BHO CBD - Carolina Peach 1 gram,,Distribution Warehouse,,0.000000,0.000000,0.000000,0.000000,1,32.50,0.00,0.0,0.00,0.00,0,0,0,,
APPEX0101T1,,Asheville Extracts BHO CBD - T1 1 gram,,Distribution Warehouse,,7.000000,7.000000,0.000000,0.000000,1,65.00,0.00,0.075,0.00,0.00,2,2,1,,
APPEX01FS,,Asheville Extracts BHO CBD strain-weight: Fruit Salad 1 gram,,Distribution Warehouse,,0.000000,0.000000,0.000000,0.000000,1,65.00,0.00,0.075,1.00,0.00,2,2,1,,
APPEX01SH,,Asheville Extracts BHO CBD strain-weight: Suver Haze 1 gram,,Distribution Warehouse,,3.000000,3.000000,0.000000,0.000000,1,65.00,0.00,0.075,0.00,0.00,2,2,1,,
APPEX0501CB,,Asheville Extracts BHO CBD - Cherry Blossom 0.5 gram,,Distribution Warehouse,,5.000000,5.000000,0.000000,0.000000,1,19.50,0.00,0.0,0.00,0.00,0,0,0,,
APPFFY1XL001,,Unisex Franny Farmacy Hemp T-Shirt size: XL,,Distribution Warehouse,,10.000000,10.000000,0.000000,0.000000,1,25.00,0.00,0.38125,1.00,0.00,0,0,0,,
APPFFYLRG001,,Unisex Franny Farmacy Hemp T-Shirt size: Large,,Distribution Warehouse,,17.000000,17.000000,0.000000,0.000000,1,25.00,0.00,0.38125,0.00,0.00,0,0,0,,
APPFFYMED001,,Unisex Franny Farmacy Hemp T-Shirt size: Medium,,Distribution Warehouse,,16.000000,16.000000,0.000000,0.000000,1,25.00,0.00,0.38125,0.00,0.00,0,0,0,,
APPFFYSML001,,Unisex Franny Farmacy Hemp T-Shirt size: Small,,Distribution Warehouse,,7.000000,7.000000,0.000000,0.000000,1,25.00,0.00,0.38125,0.00,0.00,0,0,0,,
APPFFYXXL001,,Unisex Franny Farmacy Hemp T-Shirt size: 2XL,,Distribution Warehouse,,0.000000,0.000000,0.000000,0.000000,1,25.00,0.00,0.38125,0.00,0.00,0,0,0,,
APPRAGLRGGRN,,Franny's Farmacy Baseball Tee - Envy Green size: Large,,Distribution Warehouse,,0.000000,0.000000,0.000000,0.000000,1,30.00,0.00,0.375,0.00,0.00,9,3,3,,
APPRAGMEDBLK,,Franny's Farmacy Baseball Tee - Vintage Black size: Medium,,Distribution Warehouse,,1.000000,1.000000,0.000000,0.000000,1,30.00,0.00,0.34375,0.00,0.00,9,3,3,,
APPRAGMEDGRN,,Franny's Farmacy Baseball Tee - Envy Green size: Medium,,Distribution Warehouse,,6.000000,6.000000,0.000000,0.000000,1,30.00,0.00,0.34375,2.00,0.00,9,3,3,,
APPRAGSMLBLK,,Franny's Farmacy Baseball Tee - Vintage Black size: Small,,Distribution Warehouse,,4.000000,4.000000,0.000000,0.000000,1,30.00,0.00,0.3125,4.00,0.00,9,3,3,,
APPRAGSMLGRN,,Franny's Farmacy Baseball Tee - Envy Green size: Small,,Distribution Warehouse,,10.000000,10.000000,0.000000,0.000000,1,30.00,0.00,0.3125,2.00,0.00,9,3,3,,
APPRAGXLRBLK,,Franny's Farmacy Baseball Tee - Vintage Black size: X-Large,,Distribution Warehouse,,0.000000,0.000000,0.000000,0.000000,1,30.00,0.00,0.40625,0.00,0.00,9,3,3,,
APPRAGXLRGRN,,Franny's Farmacy Baseball Tee - Envy Green size: X-Large,,Distribution Warehouse,,2.000000,2.000000,0.000000,0.000000,1,30.00,0.00,0.40625,0.00,0.00,9,3,3,,
APPVNLG003-1,,Franny's Farmacy Fitted Hemp V-Neck size: Large,,Distribution Warehouse,,27.000000,27.000000,0.000000,0.000000,1,25.00,0.00,0.26875,0.00,0.00,9,3,3,,
APPVNMD002-1,,Franny's Farmacy Fitted Hemp V-Neck size: Medium,,Distribution Warehouse,,27.000000,27.000000,0.000000,0.000000,1,25.00,0.00,0.2625,0.00,0.00,9,3,3,,
APPVNSM001-1,,Franny's Farmacy Fitted Hemp V-Neck size: Small,,Distribution Warehouse,,13.000000,13.000000,0.000000,0.000000,1,25.00,0.00,0.2375,0.00,0.00,9,3,3,,
APPVNXL004-1,,Franny's Farmacy Fitted Hemp V-Neck size: X-Large,,Distribution Warehouse,,40.000000,40.000000,0.000000,0.000000,1,25.00,0.00,0.275,0.00,0.00,9,3,3,,
BKPATGDE1834,,CBD: A Patients Guide,,Distribution Warehouse,,15.000000,14.000000,1.000000,0.000000,1,22.00,0.00,1.25,14.00,0.00,9,6,1,,
BLKFLOLFTAG0113,,Bulk Lifter Hemp Flower weight: 113g,,Distribution Warehouse,,5.000000,5.000000,0.000000,0.000000,1,672.00,0.00,0.28125,1.00,0.00,9,7,4,,
BLKFLOLFTAG0227,,Bulk Lifter Hemp Flower weight: 227g,,Distribution Warehouse,,1.000000,1.000000,0.000000,0.000000,1,1075.00,0.00,0.54375,1.00,0.00,11,9,4,,
BLKFLOLFTAG028,,Bulk Lifter Hemp Flower weight: 28g,,Distribution Warehouse,,7.000000,7.000000,0.000000,0.000000,1,210.00,0.00,0.09375,0.00,0.00,8,5,3,,
CHILIWTRMLN,,Franny's Small Batch Reserve Gummies: Chili Watermelon 50mg,,Distribution Warehouse,,171.000000,171.000000,0.000000,0.000000,1,6.50,0.00,0.0,91.00,0.00,0,0,0,,
CNC.D8.BDAYCAKE,,Franny's Delta-8 THC Cartridge strain: Birthday Cake,,Distribution Warehouse,,99.000000,93.000000,6.000000,168.000000,1,55.00,0.00,0.04125,69.00,0.00,5,3,1,,
CNC.D8.OGKUSH,,Franny's Delta-8 THC Cartridge strain: OG Kush,,Distribution Warehouse,,99.000000,93.000000,6.000000,168.000000,1,55.00,0.00,0.04125,69.00,0.00,5,3,1,,
CNC.D8.PINEAPPLE,,Franny's Delta-8 THC Cartridge strain: Pineapple Express,,Distribution Warehouse,,99.000000,93.000000,6.000000,168.000000,1,33.00,0.00,0.04125,69.00,0.00,5,3,1,,
CNC.D8.PURPLEPNCH,,Franny's Delta-8 THC Cartridge strain: Purple Punch,,Distribution Warehouse,,99.000000,93.000000,6.000000,168.000000,1,55.00,0.00,0.04125,69.00,0.00,5,3,1,,
CNC.D8.RUNTZ,,Franny's Delta-8 THC Cartridge strain: Runtz,,Distribution Warehouse,,97.000000,91.000000,6.000000,168.000000,1,55.00,0.00,0.04125,71.00,0.00,5,3,1,,
CNC.D8.SOURD,,Franny's Delta-8 THC Cartridge strain: Sour Diesel,,Distribution Warehouse,,106.000000,100.000000,6.000000,168.000000,1,33.00,0.00,0.04125,62.00,0.00,5,3,1,,
CRAD.TRINKET,,Conrads favorite trinkit,,Distribution Warehouse,,0.000000,0.000000,0.000000,0.000000,1,0.00,0.00,0.03125,0.00,0.00,7,7,7,1231,
EDI10D8SBRGGL,,Franny's Delta-8 THC Gummies - Ginger Lime - Small Batch Reserve,,Distribution Warehouse,,378.000000,325.000000,53.000000,600.000000,100,12.50,0.00,0.125,726.00,0.00,4,4,1,,
EDI120BARORG-1,,CBD Chocolate Bar - 120mg - Franny's Original,,Distribution Warehouse,,32.000000,29.000000,3.000000,100.000000,1,16.00,0.00,0.13125,68.00,0.00,6,3,1,,
EDI120BARSSH-1,,CBD Chocolate Bar - Sea Salt & Hemp Seed,,Distribution Warehouse,,25.000000,22.000000,3.000000,121.000000,1,16.00,0.00,0.13125,79.00,0.00,6,3,1,,
EDI200D8SBRGGL,,Franny's Delta-8 THC Gummies - Ginger Lime - 200 mg,,Distribution Warehouse,,86.000000,52.000000,34.000000,580.000000,1,48.00,0.00,0.375,667.00,0.00,3,3,3,,
EDI28GCHAMHT,,Hemp Infused Tea flavor: Chamomile,,Distribution Warehouse,,0.000000,0.000000,0.000000,50.000000,1,0.00,0.00,0.08125,3.00,0.00,3,2,7,,
EDI28GCHOHT,,Hemp Infused Tea flavor: Chocolate Berry,,Distribution Warehouse,,28.000000,28.000000,0.000000,0.000000,1,15.00,0.00,0.08125,11.00,0.00,3,1,7,,
EDI28GLMGHT,,Hemp Infused Tea flavor: Lemon Ginger,,Distribution Warehouse,,3.000000,3.000000,0.000000,30.000000,1,15.00,0.00,0.08125,15.00,0.00,3,2,7,,
EDIAUR,,Aurora Elixirs flavor: Lavender Spice,,Distribution Warehouse,,11.000000,11.000000,0.000000,0.000000,1,5.00,0.00,0.0,0.00,0.00,0,0,0,,
EDIAUR-1,,Aurora Elixirs (Case) flavor: Lavender Spice,,Distribution Warehouse,,1.000000,1.000000,0.000000,0.000000,1,60.00,0.00,0.0,1.00,0.00,0,0,0,,
EDIBAR304302,,"Velobar Hemp Extract Protein Bar - Roasted Nuts, Dark Chocolate, and Sea Salt - Bar",,Distribution Warehouse,,0.000000,0.000000,0.000000,0.000000,1,8.00,0.00,0.109375,0.00,0.00,4,2,1,,
EDICAP000816,,Plant People Stay Sharp Capsules,,Distribution Warehouse,,1.000000,0.000000,1.000000,0.000000,1,59.00,0.00,0.3625,16.00,0.00,3,3,4,,
EDICAP000823,,Plant People Be Calm Capsules,,Distribution Warehouse,,1.000000,1.000000,0.000000,0.000000,1,59.00,0.00,0.3625,14.00,0.00,3,3,4,,
EDI.D8.CHERRYKOLA,,Franny’s Delta-8 THC Gummies – Cherry Kola – Small Batch Reserve,,Distribution Warehouse,,191.000000,160.000000,31.000000,0.000000,200,12.50,0.00,0.0,28.00,0.00,0,0,0,,
EDIDRKCHOC03,,Franny's Farmacy CBD Chocolates count: 3pk,EDIBLE,Distribution Warehouse,,96.000000,96.000000,0.000000,120.000000,20,6.50,1.65,0.06875,49.00,158.40,2,2,2,,
EDIDRKCHOC06,,Franny's Farmacy CBD Chocolates count: 6pk,EDIBLE,Distribution Warehouse,,182.000000,176.000000,6.000000,120.000000,20,12.00,3.30,0.140625,70.00,600.60,2,2,3,,
EDI.HEMPLEMONADE.50,,Franny's Small Batch Reserve Gummies: Hemp Lemonade 50mg,,Distribution Warehouse,,78.000000,78.000000,0.000000,0.000000,1,6.50,0.00,0.04375,0.00,0.00,3,5,1,,
EDIHON00005,,Hemp-Infused Honey Sticks,,Distribution Warehouse,,518.000000,518.000000,0.000000,0.000000,1,1.00,0.00,0.014375,408.00,0.00,8,1,1,,
EDIHON000050,,Full Spectrum Honey size: 5oz/50mg,,Distribution Warehouse,,0.000000,0.000000,0.000000,0.000000,20,12.00,4.50,0.5375,50.00,0.00,2,2,4,,
EDIHON000100,,Full Spectrum Honey size: 12oz/100mg,,Distribution Warehouse,,35.000000,32.000000,3.000000,0.000000,1,30.00,0.00,1.25,36.00,0.00,3,3,4,,
EDIHON000100-1,,CBD Full Spectrum Honey Stick,,Distribution Warehouse,,630.000000,630.000000,0.000000,0.000000,1,0.00,0.00,0.0,0.00,0.00,,,,,
FF0100MGG,,Franny's Farmacy Gummies 100mg,,Distribution Warehouse,,147.000000,147.000000,0.000000,72.000000,1,12.50,0.00,0.271875,126.00,0.00,3,3,2,,
FF0250MGG,,CBD Gummies 250mg Full Spectrum/ 4 oz,,Distribution Warehouse,,172.000000,155.000000,17.000000,216.000000,1,25.50,0.00,0.45625,244.00,0.00,2,2,3,,
FF0500MGG,,Franny's Farmacy Gummies 500mg,,Distribution Warehouse,,86.000000,78.000000,8.000000,144.000000,1,45.00,0.00,0.8125,330.00,0.00,3,3,4,,
FFDISTRO,,Original Gummies (500 mg),,Distribution Warehouse,,0.000000,0.000000,0.000000,0.000000,1,0.00,0.00,0.0,0.00,0.00,,,,,
FLO3PK000001,,Franny's Half-Grammy Pre-Roll - 3 Pack strain: Special Sauce,,Distribution Warehouse,,-1.000000,-1.000000,0.000000,0.000000,1,20.00,0.00,0.015625,3.00,-0.00,5,4,1,,
FLO3PK000002,,Franny's Half-Grammy Pre-Roll - 3 Pack strain: Suver Haze,,Distribution Warehouse,,23.000000,17.000000,0.000000,0.000000,1,20.00,0.00,0.014375,3.00,0.00,4,1,5,,
FLO3PK000003,,Franny's Half-Grammy Pre-Roll - 3 Pack - Sour Space Candy,,Distribution Warehouse,,31.000000,23.000000,0.000000,0.000000,1,10.00,0.00,0.0,11.00,0.00,0,0,0,,
FLO3PK000004,,Franny's Half-Grammy Pre-Roll - 3 Pack - Box Wine,,Distribution Warehouse,,0.000000,0.000000,0.000000,0.000000,1,10.00,0.00,0.0,0.00,0.00,0,0,0,,
FLO3PK000005,,Franny's Half-Grammy Pre-Roll - 3 Pack - Otto II,,Distribution Warehouse,,39.000000,36.000000,0.000000,0.000000,1,7.50,0.00,0.0,0.00,0.00,0,0,0,,
FLO3PK000006,,Franny's Half-Grammy Pre-Roll - 3 Pack - Baox,,Distribution Warehouse,,22.000000,22.000000,0.000000,0.000000,1,7.50,0.00,0.0,5.00,0.00,0,0,0,,
FLO3PK000007,,Franny's Half-Grammy Pre-Roll - 3 Pack - FRB Hybrid 5,,Distribution Warehouse,,0.000000,0.000000,0.000000,0.000000,1,7.50,0.00,0.0,0.00,0.00,0,0,0,,
FLOACC008046,,King Palm Hand Rolled Leaf Wraps pack-size: 5pk Mini,,Distribution Warehouse,,3.000000,3.000000,0.000000,0.000000,1,7.75,0.00,0.03125,7.00,0.00,7,4,1,,
FLOACC008403,,King Palm Mini Roll - Case,,Distribution Warehouse,,6.000000,6.000000,0.000000,0.000000,2,232.00,0.00,0.5625,1.00,0.00,8,4,7,,
FLOACC008420,,King Palm Hand Rolled Leaf Wraps pack-size: 5pk King,FLOWER ACCESSORIES,Distribution Warehouse,,1.000000,1.000000,0.000000,0.000000,1,9.00,3.60,0.0375,7.00,3.60,7,5,1,854029008420,
FLOACC008427,,King Palm King Roll - Case,,Distribution Warehouse,,4.000000,4.000000,0.000000,0.000000,1,312.00,0.00,0.75,0.00,0.00,8,5,8,,
FLOACC021641,,Raw Clipper Lighter (Case) color: Classic,,Distribution Warehouse,,1.000000,1.000000,0.000000,0.000000,1,100.00,0.00,0.035,1.00,0.00,3,1,1,,
FLOACC021658,,Raw Clipper Lighter,,Distribution Warehouse,,22.000000,22.000000,0.000000,0.000000,1,3.00,0.00,0.035,0.00,0.00,3,1,1,091585021658,
FLOACC029623,,Raw Clipper Lighter color: Black,,Distribution Warehouse,,6.000000,6.000000,0.000000,0.000000,1,3.00,0.00,0.035,1.00,0.00,3,1,1,091585029623,
FLOACC029631,,Raw Clipper Lighter (Case) color: Black,,Distribution Warehouse,,3.000000,3.000000,0.000000,0.000000,1,100.00,0.00,0.035,1.00,0.00,3,1,1,,
FLOACC280538,,Raw Hemp Wick,,Distribution Warehouse,,14.000000,14.000000,0.000000,0.000000,1,5.00,0.00,0.03125,0.00,0.00,4,1,1,716165280538,
FLOACC453597,,King Palm Hand Rolled Leaf Wraps pack-size: Single Tube,,Distribution Warehouse,,137.000000,137.000000,0.000000,0.000000,1,4.00,0.00,0.02375,8.00,0.00,5,1,1,,
FLOACCRAWTIPSCSE,,CASE: RAW Classic Connoisseur Rolling Papers 1 1/4 + tips,,Distribution Warehouse,,3.000000,3.000000,0.000000,0.000000,1,36.00,0.00,0.0,2.00,0.00,0,0,0,,
FLOAPX09070,,APX Pulsar Dry Vape color: Rose Gold,CBD VAPE,Distribution Warehouse,,0.000000,0.000000,0.000000,0.000000,1,75.00,35.95,0.38875,1.00,0.00,4,2,6,810008090701,
FLOAPX27143,,APX Pulsar Dry Vape color: Blue,CBD VAPE,Distribution Warehouse,,-2.000000,-2.000000,0.000000,0.000000,2,75.00,35.95,0.38875,5.00,-71.90,4,2,6,647603271439,
FLOAPX27150,,APX Pulsar Dry Vape color: Wood Grain,CBD VAPE,Distribution Warehouse,,0.000000,0.000000,0.000000,0.000000,1,75.00,35.95,0.38875,3.00,0.00,4,2,6,,
FLOBAOX00001,,BaOx Hemp Flower weight: 1g,,Distribution Warehouse,,25.000000,25.000000,0.000000,0.000000,1,14.00,0.00,0.01125,0.00,0.00,5,4,1,,
FLOBAOX00007,,BaOx Hemp Flower weight: 7g,,Distribution Warehouse,,2.000000,2.000000,0.000000,0.000000,1,75.00,0.00,0.03,3.00,0.00,7,4,2,,
FLOBAOX00028,,Bulk BaOx Hemp Flower weight: 28g,,Distribution Warehouse,,11.000000,11.000000,0.000000,0.000000,1,112.50,0.00,0.09375,1.00,0.00,8,5,3,,
FLOBAOX00035,,BaOx Hemp Flower weight: 3.5g,,Distribution Warehouse,,10.000000,10.000000,0.000000,0.000000,1,42.00,0.00,0.0175,1.00,0.00,5,4,1,,
FLOBAOX00100,,BaOx Hemp Flower weight: 1g PreRoll,,Distribution Warehouse,,22.000000,22.000000,0.000000,0.000000,1,10.00,0.00,0.0315625,27.00,0.00,5,1,1,,
FLOBAOX00113,,Bulk BaOx Hemp Flower weight: 113g,,Distribution Warehouse,,6.000000,6.000000,0.000000,0.000000,1,450.00,0.00,0.3,2.00,0.00,9,7,4,,
FLOBAOX00227,,Bulk BaOx Hemp Flower weight: 227g,,Distribution Warehouse,,7.000000,7.000000,0.000000,0.000000,1,900.00,0.00,0.54375,1.00,0.00,11,9,4,,
FLOBAOX105GM,,BaOx Hemp Flower weight: Half Grammy 3pk,,Distribution Warehouse,,22.000000,22.000000,0.000000,0.000000,1,15.00,0.00,0.014375,23.00,0.00,5,4,1,,
FLOBCHRCITOH0028,,Bulk Cherry Citrus weight: 28g,,Distribution Warehouse,,0.000000,0.000000,0.000000,0.000000,1,210.00,0.00,0.09375,2.00,0.00,8,5,3,,
FLOBCHRCITOH0113,,Bulk Cherry Citrus weight: 113g,,Distribution Warehouse,,0.000000,0.000000,0.000000,0.000000,1,672.00,0.00,0.28125,0.00,0.00,9,7,4,,
FLOBCHRCITOH0227,,Bulk Cherry Citrus weight: 227g,,Distribution Warehouse,,0.000000,0.000000,0.000000,0.000000,1,1075.00,0.00,0.54375,0.00,0.00,11,9,4,,
FLOCCOH01,,Cherry Citrus Hemp Flower weight: 1g,,Distribution Warehouse,,0.000000,0.000000,0.000000,0.000000,1,10.00,0.00,0.01125,0.00,0.00,4,1,5,,
FLOCCOH0101,,Cherry Citrus Hemp Flower weight: Franny's Grammy: 1g Pre-Roll,,Distribution Warehouse,,76.000000,76.000000,0.000000,0.000000,1,12.00,0.00,0.031875,9.00,0.00,5,1,1,,
FLOCCOH07,,Cherry Citrus Hemp Flower weight: 7g,,Distribution Warehouse,,0.000000,0.000000,0.000000,0.000000,1,55.00,0.00,0.0,0.00,0.00,0,0,0,,
FLOCCOH3PK,,Cherry Citrus Hemp Flower weight: Half Grammy 3pk,,Distribution Warehouse,,24.000000,24.000000,0.000000,0.000000,1,20.00,0.00,0.014375,7.00,0.00,4,1,5,,
FLOFRB5105GM,,FRB #5 Hemp Flower weight: Half Grammy 3pk,,Distribution Warehouse,,0.000000,0.000000,0.000000,0.000000,1,15.00,0.00,0.014375,0.00,0.00,5,4,1,,
FLOGLSMTBATSM,,Bat Pipe - Regular,,Distribution Warehouse,,16.000000,16.000000,0.000000,0.000000,1,7.50,0.00,0.0625,0.00,0.00,4,1,1,,
FLOGLSMTBATUV,,Bat Pipe - UV,,Distribution Warehouse,,5.000000,5.000000,0.000000,0.000000,1,12.50,0.00,0.05,0.00,0.00,4,1,1,,
FLOGLSMTLRG,,Glass Spoon,,Distribution Warehouse,,27.000000,27.000000,0.000000,0.000000,1,42.00,0.00,0.15625,8.00,0.00,5,2,2,,
FLOGLSMTRIG,,Rigs,,Distribution Warehouse,,3.000000,3.000000,0.000000,0.000000,1,180.00,0.00,0.375,2.00,0.00,3,4,5,,
FLOGLSMTSHRL,,Sherlock,,Distribution Warehouse,,5.000000,5.000000,0.000000,0.000000,1,50.00,0.00,0.2625,1.00,0.00,8,2,4,,
FLOLF0101OZ,,Bulk Lifter Hemp Flower weight: 28g,,Distribution Warehouse,,2.000000,2.000000,0.000000,0.000000,1,300.00,0.00,0.09375,0.00,0.00,8,5,3,,
FLOLFTAG01G,,Lifter Hemp Flower weight: 1g,,Distribution Warehouse,,10.000000,10.000000,0.000000,0.000000,1,10.00,0.00,0.0,2.00,0.00,0,0,0,,
FLOLFTAG01GPR,,Lifter Hemp Flower weight: Franny's Grammy: 1g Pre-Roll,,Distribution Warehouse,,31.000000,23.000000,8.000000,0.000000,1,12.00,0.00,0.0,57.00,0.00,0,0,0,,
FLOLFTAG035G,,Lifter Hemp Flower weight: 3.5g,,Distribution Warehouse,,11.000000,11.000000,0.000000,0.000000,1,28.00,0.00,0.0,1.00,0.00,0,0,0,,
FLOLFTAG03PKPR,,Lifter Hemp Flower weight: Half Grammy 3pk,,Distribution Warehouse,,31.000000,23.000000,8.000000,0.000000,1,20.00,0.00,0.0,38.00,0.00,0,0,0,,
FLOLFTAG07G,,Lifter Hemp Flower weight: 7g,,Distribution Warehouse,,0.000000,0.000000,0.000000,0.000000,1,55.00,0.00,0.0,13.00,0.00,0,0,0,,
FLOOTII00001,,Otto II Hemp Flower weight: 1g,,Distribution Warehouse,,10.000000,9.000000,1.000000,0.000000,1,7.00,0.00,0.01125,0.00,0.00,4,1,5,,
FLOOTII00007,,Otto II Hemp Flower weight: 7g,,Distribution Warehouse,,1.000000,1.000000,0.000000,0.000000,1,49.00,0.00,0.03,0.00,0.00,4,2,7,,
FLOOTII00035,,Otto II Hemp Flower weight: 3.5g,,Distribution Warehouse,,19.000000,19.000000,0.000000,0.000000,1,24.50,0.00,0.0175,1.00,0.00,4,1,5,,
FLOOTII00100,,Otto II Hemp Flower weight: Franny's Grammy: 1g Pre-Roll,,Distribution Warehouse,,66.000000,63.000000,3.000000,0.000000,1,10.00,0.00,0.031875,6.00,0.00,5,1,1,,
FLOOTII105GM,,Otto II Hemp Flower weight: Half Grammy 3pk,,Distribution Warehouse,,39.000000,36.000000,3.000000,0.000000,1,15.00,0.00,0.014375,11.00,0.00,4,1,5,,
FLOOTTO00001-1,,Catnip Cream Sauce Hemp Flower weight: 1g,,Distribution Warehouse,,10.000000,10.000000,0.000000,0.000000,1,10.00,0.00,0.01125,0.00,0.00,4,1,5,,
FLOOTTO00007-1,,Catnip Cream Sauce Hemp Flower weight: 7g,,Distribution Warehouse,,8.000000,8.000000,0.000000,0.000000,1,55.00,0.00,0.03,0.00,0.00,4,2,7,,
FLOOTTO00035-1,,Catnip Cream Sauce Hemp Flower weight: 3.5g,,Distribution Warehouse,,12.000000,12.000000,0.000000,0.000000,1,28.00,0.00,0.0175,0.00,0.00,4,1,5,,
FLOOTTO00100-1,,Catnip Cream Sauce Hemp Flower weight: Franny's Grammy: 1g Pre-Roll,,Distribution Warehouse,,73.000000,73.000000,0.000000,0.000000,1,12.00,0.00,0.031875,3.00,0.00,5,1,1,,
FLOOTTO105GM-1,,Catnip Cream Sauce Hemp Flower weight: Half Grammy 3pk,,Distribution Warehouse,,50.000000,50.000000,0.000000,0.000000,1,20.00,0.00,0.014375,0.00,0.00,4,1,5,,
FLOPREROLL02,,Franny's Grammy Pre-Roll strain: Baox,,Distribution Warehouse,,22.000000,22.000000,0.000000,0.000000,1,10.00,0.00,0.031875,15.00,0.00,5,1,1,,
FLOPREROLL03,,Franny's Grammy Pre-Roll strain: Otto II,,Distribution Warehouse,,66.000000,63.000000,0.000000,0.000000,1,10.00,0.00,0.031875,4.00,0.00,5,1,1,,
FLOPREROLL05,,Franny's Grammy Pre-Roll strain: Sour Space Candy,,Distribution Warehouse,,-25.000000,-25.000000,0.000000,0.000000,1,12.00,0.00,0.033125,28.00,-0.00,5,1,1,,
FLOPREROLL06,,Franny's Grammy Pre-Roll - Suver Haze,,Distribution Warehouse,,41.000000,38.000000,0.000000,0.000000,1,6.00,0.00,0.0,14.00,0.00,0,0,0,,
FLOPREROLL07,,Franny's Grammy Pre-Roll - Special Sauce,,Distribution Warehouse,,-15.000000,-15.000000,0.000000,0.000000,1,6.00,0.00,0.033125,22.00,-0.00,5,1,1,,
FLOSCOH01,,Sweet Caroline CBG Hemp Flower weight: 1g,,Distribution Warehouse,,17.000000,17.000000,0.000000,0.000000,1,10.00,0.00,0.01125,0.00,0.00,4,1,5,,
FLOSCOH0101,,Sweet Caroline CBG Hemp Flower weight: Franny's Grammy: 1g Pre-Roll,,Distribution Warehouse,,0.000000,0.000000,0.000000,0.000000,1,12.00,0.00,0.031875,0.00,0.00,5,1,1,,
FLOSCOH07,,Sweet Caroline CBG Hemp Flower weight: 7g,,Distribution Warehouse,,8.000000,8.000000,0.000000,0.000000,1,55.00,0.00,0.0,0.00,0.00,0,0,0,,
FLOSCOH35,,Sweet Caroline CBG Hemp Flower weight: 3.5g,,Distribution Warehouse,,5.000000,4.000000,1.000000,0.000000,1,28.00,0.00,0.0175,1.00,0.00,4,1,5,,
FLOSCOH3PK,,Sweet Caroline CBG Hemp Flower weight: Half Grammy 3pk,,Distribution Warehouse,,0.000000,0.000000,0.000000,0.000000,1,20.00,0.00,0.014375,0.00,0.00,4,1,5,,
FLOSH0101OZ,,Bulk Suver Haze Hemp Flower weight: 28g,,Distribution Warehouse,,2.000000,2.000000,0.000000,0.000000,1,300.00,0.00,0.09375,0.00,0.00,8,5,3,,
FLOSH0114OZ,,Suver Haze Hemp Flower weight: 7g,,Distribution Warehouse,,2.000000,2.000000,0.000000,0.000000,1,75.00,0.00,0.03,0.00,0.00,7,4,2,,
FLOSH0118OZ,,Suver Haze Hemp Flower weight: 3.5g,,Distribution Warehouse,,4.000000,4.000000,0.000000,0.000000,1,42.00,0.00,0.0175,0.00,0.00,5,4,1,,
FLOSHAG01,,Suver Haze Hemp Flower weight: 1g,,Distribution Warehouse,,5.000000,5.000000,0.000000,0.000000,1,10.00,0.00,0.01125,0.00,0.00,4,1,5,,
FLOSHAG0101,,Suver Haze Hemp Flower weight: Franny's Grammy: 1g Pre-Roll,,Distribution Warehouse,,41.000000,38.000000,3.000000,0.000000,1,10.00,0.00,0.031875,44.00,0.00,5,1,1,,
FLOSHAG113,,Bulk Suver Haze Hemp Flower - 113g,,Distribution Warehouse,,-2.000000,-2.000000,0.000000,0.000000,1,336.00,0.00,0.0,2.00,-0.00,0,0,0,,
FLOSHAG1G,,Suver Haze Hemp Flower weight: 1g,,Distribution Warehouse,,7.000000,7.000000,0.000000,0.000000,1,10.00,0.00,0.01125,3.00,0.00,4,1,5,,
FLOSHAG227,,Bulk Suver Haze Hemp Flower weight: 227g,,Distribution Warehouse,,-2.000000,-2.000000,0.000000,0.000000,1,1075.00,0.00,0.0,2.00,-0.00,0,0,0,,
FLOSHAG28,,Bulk Suver Haze Hemp Flower weight: 28g,,Distribution Warehouse,,-1.000000,-1.000000,0.000000,0.000000,1,210.00,0.00,0.0,2.00,-0.00,0,0,0,,
FLOSHAG3PK,,Suver Haze Hemp Flower weight: Half Grammy 3pk,,Distribution Warehouse,,23.000000,17.000000,6.000000,0.000000,1,20.00,0.00,0.014375,46.00,0.00,4,1,5,,
FLOSPSC00001,,Special Sauce Hemp Flower weight: 1g,,Distribution Warehouse,,6.000000,4.000000,2.000000,0.000000,1,14.00,0.00,0.01125,3.00,0.00,5,4,1,,
FLOSPSC00007,,Special Sauce Hemp Flower weight: 7g,,Distribution Warehouse,,1.000000,1.000000,0.000000,0.000000,1,75.00,0.00,0.03,0.00,0.00,7,4,2,,
FLOSPSC00035,,Special Sauce Hemp Flower - 3.5g,,Distribution Warehouse,,0.000000,0.000000,0.000000,0.000000,5,42.00,0.00,0.0175,3.00,0.00,5,4,1,,
FLOSPSC00100,,Special Sauce Hemp Flower weight: 1g PreRoll,,Distribution Warehouse,,-15.000000,-15.000000,0.000000,0.000000,10,10.00,0.00,0.033125,26.00,-0.00,5,1,1,,
FLOSPSC105GM,,Special Sauce Hemp Flower weight: Half Grammy 3pk,,Distribution Warehouse,,-1.000000,-1.000000,0.000000,0.000000,1,15.00,0.00,0.015625,48.00,-0.00,5,4,1,,
FLOSSC000100,,Sour Space Candy Hemp Flower weight: 1g PreRoll,,Distribution Warehouse,,-25.000000,-25.000000,0.000000,0.000000,1,10.00,0.00,0.0315625,24.00,-0.00,5,1,1,,
FLOSSC0105GM,,Sour Space Candy Hemp Flower weight: Half Grammy 3pk,,Distribution Warehouse,,31.000000,23.000000,8.000000,0.000000,1,15.00,0.00,0.014375,18.00,0.00,5,4,1,,
FLOSSCOH0001,,Sour Space Candy Hemp Flower weight: 1g,,Distribution Warehouse,,13.000000,13.000000,0.000000,0.000000,1,14.00,0.00,0.01125,0.00,0.00,5,4,1,,
FLOSSCOH0007,,Sour Space Candy Hemp Flower weight: 7g,,Distribution Warehouse,,3.000000,3.000000,0.000000,0.000000,1,75.00,0.00,0.03,0.00,0.00,7,4,2,,
FLOSSCOH0028,,Bulk Sour Space Candy Hemp Flower weight: 28g,,Distribution Warehouse,,1.000000,1.000000,0.000000,0.000000,1,600.00,0.00,0.09375,0.00,0.00,8,5,3,,
FLOSSCOH0035,,Sour Space Candy Hemp Flower weight: 3.5g,,Distribution Warehouse,,6.000000,6.000000,0.000000,0.000000,1,42.00,0.00,0.0175,0.00,0.00,5,4,1,,
FLOSSCOH0113,,Bulk Sour Space Candy Hemp Flower weight: 113g,,Distribution Warehouse,,3.000000,3.000000,0.000000,0.000000,1,1200.00,0.00,0.28125,0.00,0.00,9,7,4,,
FLOSSCOH0227,,Bulk Sour Space Candy Hemp Flower weight: 227g,,Distribution Warehouse,,-1.000000,-1.000000,0.000000,0.000000,1,1300.00,0.00,0.54375,1.00,-0.00,11,9,4,,
FLOSSOH00028,,Bulk Special Sauce Hemp Flower weight: 28g,,Distribution Warehouse,,0.000000,0.000000,0.000000,0.000000,1,112.50,0.00,0.09375,0.00,0.00,8,5,3,,
FLOSSOH00028-1,,Bulk BaOx Hemp Flower weight: 28g,,Distribution Warehouse,,16.000000,16.000000,0.000000,0.000000,1,112.50,0.00,0.0,0.00,0.00,0,0,0,,
FLOSSOH00113,,Bulk Special Sauce Hemp Flower  weight:113g,,Distribution Warehouse,,0.000000,0.000000,0.000000,0.000000,1,225.00,0.00,0.28125,0.00,0.00,9,7,4,,
FLOSSOH00227,,Bulk Special Sauce Hemp Flower weight: 227g,,Distribution Warehouse,,-1.000000,-1.000000,0.000000,0.000000,1,900.00,0.00,0.54375,1.00,-0.00,11,9,4,,
FLOT1D8D8DST113,,Bulk T1 Delta-8 Hemp Flower weight: 113g,,Distribution Warehouse,,-7.000000,-8.000000,1.000000,0.000000,1,1075.00,0.00,0.0,9.00,-0.00,0,0,0,,
FLOT1D8D8DST-1G,,T1 Delta-8 Hemp Flower weight: 1g,,Distribution Warehouse,,10.000000,10.000000,0.000000,0.000000,1,16.00,0.00,0.125,3.00,0.00,4,4,1,,
FLOT1D8D8DST-1GPR,,T1 Delta-8 Hemp Flower weight: Franny's Grammy: 1g Pre-Roll,,Distribution Warehouse,,-92.000000,-102.000000,10.000000,0.000000,1,19.00,0.00,0.125,211.00,-0.00,4,1,1,,
FLOT1D8D8DST227,,Bulk T1 Delta-8 Hemp Flower weight: 227g,,Distribution Warehouse,,1.000000,1.000000,0.000000,0.000000,1,1720.00,0.00,0.0,4.00,0.00,0,0,0,,
FLOT1D8D8DST28,,Bulk T1 Delta-8 Hemp Flower weight: 28g,,Distribution Warehouse,,5.000000,5.000000,0.000000,0.000000,1,336.00,0.00,0.0,0.00,0.00,0,0,0,,
FLOT1D8D8DST-3.5G,,T1 Delta-8 Hemp Flower weight: 3.5g,,Distribution Warehouse,,3.000000,3.000000,0.000000,0.000000,1,45.00,0.00,0.25,9.00,0.00,4,4,1,,
FLOT1D8D8DST-3PK,,T1 Delta-8 Hemp Flower weight: Half Grammy 3pk,,Distribution Warehouse,,-36.000000,-56.000000,20.000000,0.000000,1,32.00,0.00,0.1875,168.00,-0.00,4,4,1,,
FLOT1D8D8DST-7G,,T1 Delta-8 Hemp Flower weight: 7g,,Distribution Warehouse,,2.000000,2.000000,0.000000,0.000000,1,88.00,0.00,0.375,5.00,0.00,7,4,1,,
FLW.CATNIP.1,,Catnip Cream Sauce Hemp Flower weight: 1g,,Distribution Warehouse,,10.000000,10.000000,0.000000,0.000000,1,10.00,0.00,0.01125,0.00,0.00,4,1,5,,
FLW.CATNIP.113,,Bulk Catnip Cream Sauce Hemp Flower weight: 113g,,Distribution Warehouse,,4.000000,4.000000,0.000000,0.000000,1,672.00,0.00,0.28125,1.00,0.00,9,7,4,,
FLW.CATNIP.1PR,,Catnip Cream Sauce Hemp Flower - Franny's Grammy: 1g Pre-Roll,,Distribution Warehouse,,61.000000,61.000000,0.000000,0.000000,1,7.20,0.00,0.0,15.00,0.00,0,0,0,,
FLW.CATNIP.227,,Bulk Catnip Cream Sauce Hemp Flower weight: 227g,,Distribution Warehouse,,0.000000,0.000000,0.000000,0.000000,1,1075.00,0.00,0.54375,0.00,0.00,11,9,4,,
FLW.CATNIP.28,,Bulk Catnip Cream Sauce Hemp Flower weight: 28g,,Distribution Warehouse,,5.000000,5.000000,0.000000,0.000000,1,210.00,0.00,0.09375,0.00,0.00,8,5,3,,
FLW.CATNIP.3.5,,Catnip Cream Sauce Hemp Flower weight: 3.5g,,Distribution Warehouse,,12.000000,12.000000,0.000000,0.000000,1,28.00,0.00,0.0175,0.00,0.00,4,1,5,,
FLW.CATNIP.3PK,,Catnip Cream Sauce Hemp Flower - Half Grammy 3pk,,Distribution Warehouse,,47.000000,47.000000,0.000000,0.000000,1,12.00,0.00,0.0,3.00,0.00,0,0,0,,
FLW.CATNIP.453,,Bulk Catnip Cream Sauce Hemp Flower weight: 453g,,Distribution Warehouse,,0.000000,0.000000,0.000000,0.000000,1,1725.00,0.00,0.6375,0.00,0.00,12,9,8,,
FLW.CATNIP.7,,Catnip Cream Sauce Hemp Flower weight: 7g,,Distribution Warehouse,,8.000000,8.000000,0.000000,0.000000,1,55.00,0.00,0.03,0.00,0.00,4,2,7,,
FLW.T1.1,,T1 Hemp Flower weight: 1g,,Distribution Warehouse,,8.000000,8.000000,0.000000,0.000000,1,10.00,0.00,0.1125,0.00,0.00,3,4,1,,
FLW.T1.113,,Bulk T1 Hemp Flower weight: 113g,,Distribution Warehouse,,7.000000,7.000000,0.000000,0.000000,1,672.00,0.00,0.28125,1.00,0.00,9,7,4,,
FLW.T1.1GPR,,T1 Hemp Flower weight: Franny's Grammys-1g Preroll,,Distribution Warehouse,,76.000000,76.000000,0.000000,0.000000,1,12.00,0.00,0.075,12.00,0.00,6,1,1,,
FLW.T1.227,,Bulk T1 Hemp Flower weight: 227g,,Distribution Warehouse,,1.000000,1.000000,0.000000,0.000000,1,1075.00,0.00,0.54375,1.00,0.00,11,9,3,,
FLW.T1.28,,Bulk T1 Hemp Flower weight: 28g,,Distribution Warehouse,,1.000000,1.000000,0.000000,0.000000,1,210.00,0.00,0.09375,1.00,0.00,8,4,3,,
FLW.T1.3.5,,T1 Hemp Flower weight: 3.5g,,Distribution Warehouse,,6.000000,6.000000,0.000000,0.000000,1,28.00,0.00,0.1625,1.00,0.00,4,3,1,,
FLW.T1.3PK,,T1 Hemp Flower weight: Half-Grammy 3 pack.,,Distribution Warehouse,,14.000000,14.000000,0.000000,0.000000,1,20.00,0.00,0.1125,42.00,0.00,3,4,1,,
FLW.T1.453,,Bulk T1 Hemp Flower weight: 453g,,Distribution Warehouse,,0.000000,0.000000,0.000000,0.000000,1,1725.00,0.00,0.6375,0.00,0.00,12,9,4,,
FLW.T1.7,,T1 Hemp Flower weight: 7g,,Distribution Warehouse,,8.000000,8.000000,0.000000,0.000000,1,55.00,0.00,0.25,0.00,0.00,7,4,1,,
FLW.WTRDRM.1,,Watermelon Dream Sauce Hemp Flower weight: 1g,,Distribution Warehouse,,7.000000,6.000000,1.000000,0.000000,1,10.00,0.00,0.01125,3.00,0.00,4,1,5,,
FLW.WTRDRM.113,,Bulk Watermelon Dream Sauce Hemp Flower weight: 113g,,Distribution Warehouse,,2.000000,2.000000,0.000000,0.000000,1,672.00,0.00,0.28125,2.00,0.00,9,7,4,,
FLW.WTRDRM.1PR,,Watermelon Dream Sauce Hemp Flower weight: Franny's Grammy: 1g Pre-Roll,,Distribution Warehouse,,43.000000,43.000000,0.000000,0.000000,1,12.00,0.00,0.031875,39.00,0.00,5,1,1,,
FLW.WTRDRM.227,,Bulk Watermelon Dream Sauce Hemp Flower weight: 227g,,Distribution Warehouse,,1.000000,1.000000,0.000000,0.000000,1,1075.00,0.00,0.54375,0.00,0.00,11,9,4,,
FLW.WTRDRM.28,,Bulk Watermelon Dream Sauce Hemp Flower weight: 28g,,Distribution Warehouse,,7.000000,7.000000,0.000000,0.000000,1,210.00,0.00,0.09375,0.00,0.00,8,405,3,,
FLW.WTRDRM.3.5,,Watermelon Dream Sauce Hemp Flower weight: 3.5g,,Distribution Warehouse,,6.000000,6.000000,0.000000,0.000000,1,28.00,0.00,0.0175,2.00,0.00,4,1,5,,
FLW.WTRDRM.3PK,,Watermelon Dream Sauce Hemp Flower weight: Half Grammy 3pk,,Distribution Warehouse,,27.000000,27.000000,0.000000,0.000000,1,20.00,0.00,0.014375,25.00,0.00,4,1,5,,
FLW.WTRDRM.453,,Bulk Watermelon Dream Sauce Hemp Flower weight: 453g,,Distribution Warehouse,,-1.000000,-1.000000,0.000000,0.000000,1,1725.00,0.00,0.6375,1.00,-0.00,12,9,8,,
FLW.WTRDRM.7,,Watermelon Dream Sauce Hemp Flower weight: 7g,,Distribution Warehouse,,5.000000,5.000000,0.000000,0.000000,1,55.00,0.00,0.03,1.00,0.00,4,2,7,,
FRANPOUCH,,Franny's Farmacy Hemp Pouch,,Distribution Warehouse,,23.000000,23.000000,0.000000,0.000000,1,16.00,0.00,0.10625,6.00,0.00,9,1,7,,
GHGBLK092152,,Grindhouse Grinders color: Black,,Distribution Warehouse,,26.000000,26.000000,0.000000,0.000000,1,29.00,0.00,0.25,0.00,0.00,3,3,3,,
GHGGMG092152,,Grindhouse Grinders color: Gun Metal Grey,,Distribution Warehouse,,34.000000,34.000000,0.000000,0.000000,1,29.00,0.00,0.25,5.00,0.00,3,3,3,,
GHGSLV092152,,Grindhouse Grinders color: Silver,,Distribution Warehouse,,0.000000,0.000000,0.000000,0.000000,1,29.00,0.00,0.25,0.00,0.00,3,3,3,,
KRFPPR000001,,Paper Shopping Bags size: Large,,Distribution Warehouse,,7.000000,7.000000,0.000000,0.000000,5,50.00,0.00,0.0,5.00,0.00,0,0,0,,
KRFPPR000002,,Paper Shopping Bags size: Small,,Distribution Warehouse,,8.000000,8.000000,0.000000,0.000000,5,50.00,0.00,0.0,5.00,0.00,0,0,0,,
MRCHHATBRN01,,Franny's Farmacy Hemp/Cotton Caps color: Brown,,Distribution Warehouse,,0.000000,0.000000,0.000000,0.000000,1,30.00,0.00,0.0,0.00,0.00,0,0,0,,
MRCHHATCRM01,,Franny's Farmacy Hemp/Cotton Caps color: Cream,,Distribution Warehouse,,0.000000,0.000000,0.000000,0.000000,1,30.00,0.00,0.0,0.00,0.00,0,0,0,,
MRCHHATGRY01,,Franny's Farmacy Hemp/Cotton Caps color: Grey,,Distribution Warehouse,,0.000000,0.000000,0.000000,0.000000,1,30.00,0.00,0.0,0.00,0.00,0,0,0,,
MRCHKZBLK001,,Franny's Farmacy Branded Koozies color: Black,,Distribution Warehouse,,-1.000000,-1.000000,0.000000,0.000000,1,2.00,0.00,0.014375,3.00,-0.00,4,1,5,,
MRCHKZGRN001,,Franny's Farmacy Branded Koozies color: Green,,Distribution Warehouse,,10.000000,10.000000,0.000000,0.000000,1,2.00,0.00,0.014375,3.00,0.00,4,1,5,,
MRCHKZGRY001,,Franny's Farmacy Branded Koozies color: Grey,,Distribution Warehouse,,43.000000,43.000000,0.000000,0.000000,1,2.00,0.00,0.014375,3.00,0.00,4,1,5,,
MRKTING00007,,Kraft Mylar Smell-proof Bags 1/4oz/7grams (100 pieces),,Distribution Warehouse,,-1.000000,-1.000000,0.000000,0.000000,1,414.00,0.00,25.0,5.00,-0.00,12,12,10,,
MRKTING00035,,Kraft Mylar Smell-proof Bags 1/8oz/3.5grams (100 pieces),,Distribution Warehouse,,-2.000000,-2.000000,0.000000,0.000000,1,336.00,0.00,8.0625,5.00,-0.00,12,9,6,,
MRKTING00750,,Flower Labels,,Distribution Warehouse,,4.000000,4.000000,0.000000,0.000000,1,300.00,0.00,1.625,1.00,0.00,6,6,3,,
PET100MG0005,,Calming Dog Treats,,Distribution Warehouse,,188.000000,184.000000,4.000000,204.000000,1,25.00,0.00,0.68125,186.00,0.00,3,3,4,,
PETPBTTR80MG,,Peanut Butter for Pets,,Distribution Warehouse,,53.000000,48.000000,5.000000,0.000000,1,20.00,0.00,0.9875,78.00,0.00,3,3,4,810040710162,
RCOTTO113,,Bulk Otto II Hemp Flower weight: 113g,,Distribution Warehouse,,7.000000,7.000000,0.000000,0.000000,1,395.50,0.00,0.3125,0.00,0.00,0,0,0,,
RCOTTO227,,Bulk Otto II Hemp Flower weight: 227g,,Distribution Warehouse,,4.000000,4.000000,0.000000,0.000000,1,794.50,0.00,0.5625,0.00,0.00,0,0,0,,
RCOTTO28,,Bulk Otto II Hemp Flower weight: 28g,,Distribution Warehouse,,8.000000,8.000000,0.000000,0.000000,1,196.00,0.00,0.09375,0.00,0.00,0,0,0,,
SMKRAWBLK319,,Case: RAW Papers - Classic Black,,Distribution Warehouse,,2.000000,2.000000,0.000000,0.000000,1,72.00,0.00,0.2375,3.00,0.00,6,4,2,716165250319,
SQ2910586,,RAW Classic Connoisseur Rolling Papers 1 1/4 + tips,,Distribution Warehouse,,6.000000,6.000000,0.000000,0.000000,1,3.75,1.42,0.025625,3.00,8.52,3,1,1,716165176107,
SQ6088376,,Pulsar Cartridge Battery,,Distribution Warehouse,,4.000000,4.000000,0.000000,0.000000,1,15.00,0.00,0.015625,0.00,0.00,2,1,1,,
SQ878BLBK,,Franny's Farmacy Hemp Trucker Hat color: Black/Black,,Distribution Warehouse,,0.000000,0.000000,0.000000,0.000000,1,30.00,0.00,0.15,0.00,0.00,7,6,3,,
SQ878BRTN,,Franny's Farmacy Hemp Trucker Hat color: Brown/Tan,,Distribution Warehouse,,0.000000,0.000000,0.000000,0.000000,1,30.00,0.00,0.15,0.00,0.00,7,6,3,,
SQ878GRBL,,Franny's Farmacy Hemp Trucker Hat color: Grey/Black,,Distribution Warehouse,,0.000000,0.000000,0.000000,0.000000,1,30.00,0.00,0.15,0.00,0.00,7,6,3,,
SQ878GRTN,,Franny's Farmacy Hemp Trucker Hat color: Green/Tan,,Distribution Warehouse,,0.000000,0.000000,0.000000,0.000000,1,30.00,0.00,0.15,0.00,0.00,7,6,3,,
SQ878NVTN,,Franny's Farmacy Hemp Trucker Hat color: Navy/Tan,,Distribution Warehouse,,0.000000,0.000000,0.000000,0.000000,1,30.00,0.00,0.15,0.00,0.00,7,6,3,,
TIN1000ISO30,,Franny's Farmacy CBD Tincture - Isolate potency: 1000mg,Tincture,Distribution Warehouse,,40.000000,40.000000,0.000000,0.000000,1,149.99,33.47,0.178125,13.00,1338.80,2,2,5,850000154001,
TIN1000NAT30,,Franny's Farmacy CBD Tincture - Natural potency: 1000mg,Tincture,Distribution Warehouse,,39.000000,38.000000,1.000000,50.000000,1,149.99,33.47,0.178125,64.00,1305.33,2,2,5,850000154049,
TIN1000PEP30,,Franny's Farmacy CBD Tincture - Peppermint potency: 1000mg,Tincture,Distribution Warehouse,,81.000000,76.000000,5.000000,50.000000,1,149.99,33.47,0.178125,34.00,2711.07,2,2,5,850000154056,
TIN125NAT30,,Franny's Farmacy CBD Tincture - Natural potency: 125mg,Tincture,Distribution Warehouse,,72.000000,70.000000,2.000000,0.000000,1,35.00,9.00,0.178125,99.00,648.00,2,2,5,,
TIN200MGPET,,Pet Tincture,,Distribution Warehouse,,38.000000,35.000000,3.000000,100.000000,1,45.00,0.00,0.178125,111.00,0.00,2,2,5,,
TIN250ISO30,,Franny's Farmacy CBD Tincture - Isolate potency: 250mg,Tincture,Distribution Warehouse,,39.000000,39.000000,0.000000,0.000000,1,59.99,12.50,0.178125,22.00,487.50,2,2,5,850000154001,
TIN250NAT30,,Franny's Farmacy CBD Tincture - Natural potency: 250mg,Tincture,Distribution Warehouse,,79.000000,78.000000,1.000000,50.000000,1,59.99,12.50,0.178125,124.00,987.50,2,2,5,850000154001,
TIN250PEP30,,Franny's Farmacy CBD Tincture - Peppermint potency: 250mg,Tincture,Distribution Warehouse,,54.000000,54.000000,0.000000,100.000000,1,59.99,12.50,0.178125,90.00,675.00,2,2,5,850000154018,
TIN4000NAT30,,Franny's Farmacy CBD Tincture - Natural potency: 4000mg,Tincture,Distribution Warehouse,,10.000000,10.000000,0.000000,0.000000,1,400.00,110.00,0.178125,13.00,1100.00,2,2,5,,
TIN500ISO30,,Franny's Farmacy CBD Tincture - Isolate potency: 500mg,Tincture,Distribution Warehouse,,33.000000,33.000000,0.000000,0.000000,1,99.99,18.91,0.178125,17.00,624.03,2,2,5,850000154001,
TIN500NAT30,,Franny's Farmacy CBD Tincture - Natural potency: 500mg,Tincture,Distribution Warehouse,,22.000000,16.000000,6.000000,150.000000,1,99.99,18.91,0.178125,126.00,416.02,2,2,5,850000154025,
TIN500PEP30,,Franny's Farmacy CBD Tincture - Peppermint potency: 500mg,Tincture,Distribution Warehouse,,4.000000,0.000000,4.000000,100.000000,1,99.99,18.91,0.178125,81.00,75.64,2,2,5,850000154032,
TOP040ZDGSHMP,,Dog Shampoo Bar,TOPICAL,Distribution Warehouse,,27.000000,26.000000,1.000000,0.000000,1,7.00,2.00,0.340625,14.00,54.00,4,2,3,,
TOP04OZCDRW,,Hemp Oil Soap scent: Cedarwood,Topical,Distribution Warehouse,,15.000000,12.000000,3.000000,0.000000,1,6.50,1.75,0.34375,15.00,26.25,4,2,3,,
TOP04OZLMGR,,Hemp Oil Soap scent: Lemongrass,Topical,Distribution Warehouse,,33.000000,30.000000,3.000000,0.000000,1,6.50,1.75,0.34375,21.00,57.75,4,2,3,,
TOP04OZOATM,,"Hemp Oil Soap scent: Milk, Honey & Oatmeal",Topical,Distribution Warehouse,,29.000000,23.000000,6.000000,0.000000,1,6.50,1.75,0.34375,21.00,50.75,4,2,3,,
TOP04OZPMNT,,Hemp Oil Soap scent: Peppermint,Topical,Distribution Warehouse,,36.000000,33.000000,3.000000,0.000000,1,6.50,1.75,0.34375,21.00,63.00,4,2,3,,
TOP04OZSNWD,,Hemp Oil Soap scent: Sandalwood,Topical,Distribution Warehouse,,1.000000,1.000000,0.000000,0.000000,1,6.50,1.75,0.34375,14.00,1.75,4,2,3,,
TOP04OZTTREE,,Hemp Oil Soap scent: Charcoal with Tea Tree,Topical,Distribution Warehouse,,56.000000,50.000000,6.000000,0.000000,1,6.50,1.75,0.34375,22.00,98.00,4,2,3,,
TOPBBY020ZBB,,Breast Milk Boosting Balm,CBD TOPICALS,Distribution Warehouse,,0.000000,0.000000,0.000000,0.000000,1,20.00,6.00,0.1875,0.00,0.00,2,2,2,,
TOPBOMB75HON,,Franny's Farmacy CBD Bath Bomb scent: Milk & Honey,Topical,Distribution Warehouse,,29.000000,23.000000,6.000000,0.000000,1,15.00,5.00,0.3,40.00,145.00,3,3,3,,
TOPBOMB75LAV,,Franny's Farmacy CBD Bath Bomb scent: Lavender & Chamomile,Topical,Distribution Warehouse,,89.000000,83.000000,6.000000,0.000000,1,15.00,5.00,0.3,31.00,445.00,3,3,3,,
TOPBRD0008,,Beard Grooming Kit,TOPICAL,Distribution Warehouse,,12.000000,12.000000,0.000000,0.000000,1,30.00,26.00,0.4375,4.00,312.00,3,3,6,,
TOPBSALT020Z,,Hemp Infused Bath Salts - 2oz,TOPICAL,Distribution Warehouse,,22.000000,21.000000,1.000000,0.000000,1,15.00,4.25,0.31875,27.00,93.50,3,3,2,,
TOPBSALT080Z,,Hemp Infused Bath Salts - 8oz,TOPICAL,Distribution Warehouse,,11.000000,10.000000,1.000000,0.000000,10,28.00,10.75,0.96875,36.00,118.25,3,3,4,,
TOPFCE020Z60,,Anti-Aging Face Cream,CBD TOPICAL,Distribution Warehouse,,84.000000,84.000000,0.000000,0.000000,5,30.00,8.50,0.325625,43.00,714.00,3,3,2,,
TOPFCEMASK002,,CBD Face Mask 8oz,,Distribution Warehouse,,76.000000,76.000000,0.000000,48.000000,6,35.00,9.50,1.025,7.00,722.00,3,3,4,,
TOPFCEMASK050,,CBD Face Mask 2oz,,Distribution Warehouse,,101.000000,101.000000,0.000000,0.000000,1,15.00,4.50,0.325625,28.00,454.50,3,3,2,,
TOPLIP010MG,,CBD Lip Balm,CBD TOPICAL,Distribution Warehouse,,486.000000,486.000000,0.000000,1200.000000,50,4.20,1.00,0.02,155.00,486.00,3,1,1,,
TOPLOT480ML,,Hemp Lotion,,Distribution Warehouse,,21.000000,21.000000,0.000000,48.000000,1,25.00,0.00,1.05,40.00,0.00,3,3,7,,
TOPLOT600MG,,CBD Healing Lotion,CBD TOPICALS,Distribution Warehouse,,190.000000,190.000000,0.000000,75.000000,1,50.00,15.00,0.159375,70.00,2850.00,2,2,4,,
TOPROLL100MG,,Franny's Farmacy 100mg Healing CBD Oil Roll-on,CBD TOPICAL,Distribution Warehouse,,25.000000,25.000000,0.000000,40.000000,5,35.00,8.00,0.178125,51.00,200.00,2,2,4,,
TOPSAL600MG,,Franny's Farmacy Healing Salve 600mg  2oz,TOPICAL,Distribution Warehouse,,116.000000,109.000000,7.000000,260.000000,75,50.00,16.00,0.328125,300.00,1856.00,3,3,2,,
TOPSHAV0004,,Shaving Soap Kit,,Distribution Warehouse,,38.000000,38.000000,0.000000,0.000000,1,30.00,0.00,0.340625,0.00,0.00,3,3,6,,
TRITOKBDAYCAKE,,TribeTokes Vape Oil Cartridges strain: CBD Birthday Cake Kush (Hybrid),,Distribution Warehouse,,12.000000,12.000000,0.000000,0.000000,1,70.00,0.00,0.075,8.00,0.00,4,2,1,,
TRITOKCBDKUSH,,TribeTokes Vape Oil Cartridges strain: CBD Kush (Hybrid),,Distribution Warehouse,,11.000000,11.000000,0.000000,0.000000,1,70.00,0.00,0.075,8.00,0.00,4,2,1,,
TRITOKHAWIIDRM,,TribeTokes Vape Oil Cartridges strain: Hawaiian Dream (Sativa),,Distribution Warehouse,,12.000000,12.000000,0.000000,0.000000,1,70.00,0.00,0.075,8.00,0.00,4,2,1,,
TRITOKJCYFRT,,TribeTokes Vape Oil Cartridges strain: Juicy Fruit (Hybrid),,Distribution Warehouse,,1.000000,1.000000,0.000000,0.000000,1,70.00,0.00,0.075,8.00,0.00,4,2,1,,
TRITOKMANHZE,,TribeTokes Vape Oil Cartridges strain: Mango Haze (Sativa),,Distribution Warehouse,,0.000000,0.000000,0.000000,0.000000,1,70.00,0.00,0.075,0.00,0.00,4,2,1,,
TRITOKMEDHZE,,TribeTokes Vape Oil Cartridges strain: MediHaze (Sativa),,Distribution Warehouse,,0.000000,0.000000,0.000000,0.000000,1,70.00,0.00,0.075,0.00,0.00,4,2,1,,
TRITOKNRTHLIGHT,,TribeTokes Vape Oil Cartridges strain: Northern Lights (Indica),,Distribution Warehouse,,12.000000,12.000000,0.000000,0.000000,1,70.00,0.00,0.075,8.00,0.00,4,2,1,,
TRITOKNYCDIESEL,,TribeTokes Vape Oil Cartridges strain: NYC Diesel (Sativa),,Distribution Warehouse,,12.000000,12.000000,0.000000,0.000000,1,70.00,0.00,0.075,8.00,0.00,4,2,1,,
TRITOKREMEDY,,TribeTokes Vape Oil Cartridges strain: Remedy (Indica),,Distribution Warehouse,,0.000000,0.000000,0.000000,0.000000,1,70.00,0.00,0.075,0.00,0.00,4,2,1,,
TRITOKSORTSU,,TribeTokes Vape Oil Cartridges strain: Sour Tsunami (Hybrid),,Distribution Warehouse,,0.000000,0.000000,0.000000,0.000000,1,70.00,0.00,0.075,1.00,0.00,4,2,1,,
TRITOKSWSRWD,,TribeTokes Vape Oil Cartridges strain: Sweet Sour Widow (Indica),,Distribution Warehouse,,7.000000,7.000000,0.000000,0.000000,1,70.00,0.00,0.075,3.00,0.00,4,2,1,,
TRUFFLECRML,,CBD Salted Caramel Chocolate Truffles,,Distribution Warehouse,,0.000000,0.000000,0.000000,200.000000,1,16.00,0.00,0.09375,10.00,0.00,6,2,2,,
VAPDROP0246,,Suorin Drop E-Liquid Vape - Refillable,VAPE,Distribution Warehouse,,0.000000,0.000000,0.000000,0.000000,1,60.00,30.50,0.434375,0.00,0.00,4,2,5,6971097030246,
VAPNOVO1058,,Smok Novo Vape Ultra color: Green,VAPE,Distribution Warehouse,,0.000000,0.000000,0.000000,0.000000,1,48.00,20.95,0.209375,0.00,0.00,3,1,5,6940695611058,
VAPOPEN3109,,O.Pen 2.0 color: Silver,Vape,Distribution Warehouse,,0.000000,0.000000,0.000000,0.000000,1,35.00,0.00,0.075,0.00,0.00,2,1,6,812756023109,
VAPOPEN3116,,O.Pen 2.0 color: Purple,Vape,Distribution Warehouse,,16.000000,16.000000,0.000000,0.000000,1,35.00,14.00,0.075,9.00,224.00,2,1,6,812756023116,
VAPOPEN3147,,O.Pen 2.0 color: Blue,Vape,Distribution Warehouse,,18.000000,18.000000,0.000000,0.000000,1,35.00,14.00,0.075,36.00,252.00,2,1,6,0812756023147,
VAPOPEN4755,,O.Pen 2.0 color: Matte Black,Vape,Distribution Warehouse,,0.000000,0.000000,0.000000,0.000000,1,35.00,14.00,0.075,0.00,0.00,2,1,6,812756024755,
VAPOPEN4762,,O.Pen 2.0 color: Rose Gold,Vape,Distribution Warehouse,,24.000000,24.000000,0.000000,0.000000,1,35.00,14.00,0.075,34.00,336.00,2,1,6,0812756024762,
VAPOPEN4779,,O.Pen 2.0 color: Gold,Vape,Distribution Warehouse,,40.000000,40.000000,0.000000,0.000000,1,35.00,14.00,0.075,20.00,560.00,2,1,6,0812756024779,
VAPOPEN4922,,O.Pen 2.0 color: Pearl White,Vape,Distribution Warehouse,,18.000000,18.000000,0.000000,0.000000,1,35.00,14.00,0.075,8.00,252.00,2,1,6,812756024922,
VAPOPEN4939,,O.Pen 2.0 color: Wood Grain,Vape,Distribution Warehouse,,0.000000,0.000000,0.000000,0.000000,1,35.00,14.00,0.075,7.00,0.00,2,1,6,812756024939,
VAPPAX26134,,PAX 2 Vaporizer,VAPE,Distribution Warehouse,,0.000000,0.000000,0.000000,0.000000,1,175.00,105.00,0.4375,0.00,0.00,4,2,6,819913016134,
VAPRM2090756,,Remedi M2 color: Black,VAPE,Distribution Warehouse,,17.000000,17.000000,0.000000,0.000000,1,25.00,9.95,0.1,6.00,169.15,3,1,5,00810008090756,
VAPRM2090763,,Remedi M2 color: Blue,,Distribution Warehouse,,15.000000,15.000000,0.000000,0.000000,1,25.00,9.95,0.1,8.00,149.25,3,1,5,00810008090763,
VAPRM2090770,,Remedi M2 color: Green,VAPE,Distribution Warehouse,,15.000000,15.000000,0.000000,0.000000,1,25.00,9.95,0.1,8.00,149.25,3,1,5,00810008090770,
VAPRM2090794,,Remedi M2 color: Purple,VAPE,Distribution Warehouse,,17.000000,17.000000,0.000000,0.000000,1,25.00,9.95,0.1,6.00,169.15,3,1,5,00810008090794,
VAPRM2090800,,Remedi M2 color: Red,VAPE,Distribution Warehouse,,16.000000,16.000000,0.000000,0.000000,1,25.00,9.95,0.1,6.00,159.20,3,1,5,00810008090800,
VAPRM2090817,,Remedi M2 color: Silver,VAPE,Distribution Warehouse,,15.000000,15.000000,0.000000,0.000000,1,25.00,9.95,0.1,7.00,149.25,3,1,5,00810008090817,
WHLSBNDLEHER,,Wholesale Bundle for Her,,Distribution Warehouse,,22.000000,21.000000,0.000000,0.000000,1,75.00,0.00,0.0,0.00,0.00,0,0,0,,
WHLSLBNDLEDI,,Wholesale Bundle - Edibles,,Distribution Warehouse,,0.000000,0.000000,0.000000,0.000000,1,66.00,0.00,0.0,0.00,0.00,0,0,0,,
WILDFLWR900,,Wildflower CBD Capsules - Vegan,,Distribution Warehouse,,27.000000,27.000000,0.000000,0.000000,15,99.99,0.00,0.25,5.00,0.00,0,0,0,,
